k = 10
S_h = 1.72004924448417
S_h2 = 1.718678458769287
порядок интегрирования ~ 2.155774833438682
k = 100
S_h = 1.718296438183449
S_h2 = 1.7182854442791529
порядок интегрирования ~ 2.0145341550552778
